--- NLP Pipeline Output (First 20 results) ---
Output file generated at: C:\Users\FPTSHOP\Courses\NLP\Lab_02\src\..\results\lab17_pipeline_output.txt

================================================================================
Original Text: Beginners BBQ Class Taking Place in Missoula!
Do you want to get better at making delicious BBQ? You...
TF-IDF Vector: (20000,[264,298,673,717,829,1271,1466,1499,1600,2049,2543,2953,3249,3557,4490,4941,5834,6061,6390,6408,6726,6860,7229,7334,7779,7881,8210,8323,8438,8522,9156,9360,9426,11073,11413,11781,12871,12968,13480,13703,14007,14399,14832,15191,15416,15788,15968,16537,16924,16976,17061,17390,17712,18063,18190,18359,18440,18871,18893,18952,19126,19348],[6.818992368953701,1.0116009116784799,1.7047480922384253,1.0116009116784799,1.7047480922384253,1.7047480922384253,1.7047480922384253,1.7047480922384253,1.7047480922384253,1.7047480922384253,3.4094961844768505,1.2992829841302609,1.7047480922384253,1.7047480922384253,5.114244276715276,1.7047480922384253,1.7047480922384253,1.7047480922384253,1.7047480922384253,3.4094961844768505,1.7047480922384253,1.7047480922384253,1.7047480922384253,1.2992829841302609,1.7047480922384253,1.7047480922384253,1.7047480922384253,1.7047480922384253,1.7047480922384253,1.7047480922384253,1.7047480922384253,1.7047480922384253,2.5985659682605218,1.7047480922384253,1.7047480922384253,1.7047480922384253,1.7047480922384253,1.2992829841302609,1.7047480922384253,1.7047480922384253,6.818992368953701,1.7047480922384253,1.7047480922384253,1.7047480922384253,1.7047480922384253,1.7047480922384253,1.7047480922384253,1.0116009116784799,1.7047480922384253,1.7047480922384253,1.2992829841302609,1.7047480922384253,1.2992829841302609,1.7047480922384253,1.7047480922384253,1.7047480922384253,1.7047480922384253,1.7047480922384253,1.7047480922384253,1.7047480922384253,1.7047480922384253,1.7047480922384253])
================================================================================

================================================================================
Original Text: Discussion in 'Mac OS X Lion (10.7)' started by axboi87, Jan 20, 2012.
I've got a 500gb internal dri...
TF-IDF Vector: (20000,[406,643,651,1023,1349,1695,1845,1850,1994,2137,2207,2625,2672,2707,2944,2990,3116,3192,3281,3900,4182,4206,4501,4748,4988,4991,5015,5038,5780,6403,6431,6447,7216,7289,7317,7439,7569,7953,8100,8295,8348,9012,9100,9188,9227,9330,9667,9810,10001,10168,10220,10383,10588,10815,10922,10960,11148,11558,11623,11909,11963,12155,12196,12211,12531,12668,12692,12971,13092,13286,13303,13525,13549,13635,13652,13834,13855,13958,14053,14319,14394,14893,14898,14921,15108,15133,15315,15619,15685,15775,15815,15918,16010,16325,16406,16451,16537,16627,16683,16984,17000,17353,18014,18248,18255,18267,18305,18454,18490,18493,19527],[1.7047480922384253,1.7047480922384253,1.7047480922384253,1.7047480922384253,6.818992368953701,1.7047480922384253,6.818992368953701,1.7047480922384253,8.523740461192126,1.7047480922384253,1.7047480922384253,3.4094961844768505,1.7047480922384253,3.4094961844768505,1.7047480922384253,1.7047480922384253,3.4094961844768505,1.7047480922384253,1.7047480922384253,1.2992829841302609,6.818992368953701,1.0116009116784799,5.114244276715276,1.7047480922384253,1.7047480922384253,1.7047480922384253,1.7047480922384253,1.2992829841302609,1.7047480922384253,1.2992829841302609,1.7047480922384253,1.7047480922384253,6.818992368953701,1.7047480922384253,1.7047480922384253,1.7047480922384253,3.4094961844768505,1.2992829841302609,1.7047480922384253,1.7047480922384253,1.7047480922384253,1.7047480922384253,1.7047480922384253,1.7047480922384253,3.4094961844768505,3.4094961844768505,1.7047480922384253,1.7047480922384253,1.7047480922384253,1.7047480922384253,2.5985659682605218,1.7047480922384253,1.7047480922384253,2.0232018233569597,1.7047480922384253,3.4094961844768505,6.818992368953701,1.7047480922384253,1.7047480922384253,5.114244276715276,5.114244276715276,1.7047480922384253,1.7047480922384253,1.7047480922384253,5.114244276715276,1.7047480922384253,1.7047480922384253,1.7047480922384253,1.7047480922384253,1.7047480922384253,1.2992829841302609,1.0116009116784799,1.7047480922384253,1.7047480922384253,1.7047480922384253,1.7047480922384253,1.7047480922384253,1.7047480922384253,1.7047480922384253,1.7047480922384253,1.2992829841302609,1.7047480922384253,1.7047480922384253,1.7047480922384253,1.7047480922384253,3.4094961844768505,1.2992829841302609,3.4094961844768505,1.7047480922384253,3.4094961844768505,1.7047480922384253,1.7047480922384253,1.7047480922384253,20.456977106861103,3.4094961844768505,1.7047480922384253,5.058004558392399,1.7047480922384253,1.2992829841302609,5.114244276715276,1.7047480922384253,1.7047480922384253,6.818992368953701,1.7047480922384253,1.7047480922384253,1.2992829841302609,3.4094961844768505,1.7047480922384253,1.7047480922384253,3.4094961844768505,3.4094961844768505])
================================================================================

================================================================================
Original Text: Foil plaid lycra and spandex shortall with metallic slinky insets. Attached metallic elastic belt wi...
TF-IDF Vector: (20000,[55,110,717,750,1470,2902,3115,3344,3690,6876,8149,10486,13224,13323,15595,16443,17908,18574,19251,19791,19895,19953],[3.4094961844768505,1.2992829841302609,1.0116009116784799,1.7047480922384253,1.7047480922384253,1.7047480922384253,1.7047480922384253,1.7047480922384253,1.7047480922384253,1.7047480922384253,1.7047480922384253,1.7047480922384253,1.7047480922384253,1.7047480922384253,1.7047480922384253,1.7047480922384253,1.7047480922384253,1.7047480922384253,1.7047480922384253,1.7047480922384253,1.7047480922384253,1.7047480922384253])
================================================================================

================================================================================
Original Text: How many backlinks per day for new site?
Discussion in 'Black Hat SEO' started by Omoplata, Dec 3, 2...
TF-IDF Vector: (20000,[298,585,591,761,790,1257,1675,2270,2634,3509,3526,3862,4090,4206,4292,4376,4702,4775,4818,4858,5267,5559,5741,5891,5925,5931,6044,6403,6602,7310,7343,7953,7973,8458,8791,8904,9133,9257,9413,9546,9681,10222,10288,10815,11099,11344,11384,11896,11948,12053,12515,12827,12996,13014,13048,13103,13303,13391,13525,13571,14394,14892,14943,15052,15188,15315,15662,16151,16216,16954,17036,17061,17315,17538,17642,18217,18229,18267,18616,19893,19917],[2.0232018233569597,3.0348027350354396,1.7047480922384253,1.7047480922384253,1.7047480922384253,1.7047480922384253,1.7047480922384253,1.7047480922384253,1.7047480922384253,1.7047480922384253,1.7047480922384253,1.7047480922384253,1.7047480922384253,2.0232018233569597,1.7047480922384253,1.7047480922384253,1.7047480922384253,1.7047480922384253,1.7047480922384253,1.7047480922384253,1.7047480922384253,1.7047480922384253,1.7047480922384253,8.523740461192126,1.7047480922384253,1.5769147207285406,1.7047480922384253,1.2992829841302609,2.5985659682605218,1.7047480922384253,1.7047480922384253,1.2992829841302609,1.7047480922384253,1.7047480922384253,1.7047480922384253,1.7047480922384253,3.0348027350354396,1.7047480922384253,3.4094961844768505,1.7047480922384253,5.114244276715276,1.2992829841302609,2.0232018233569597,1.0116009116784799,1.7047480922384253,1.7047480922384253,1.7047480922384253,1.7047480922384253,1.7047480922384253,1.7047480922384253,1.7047480922384253,1.7047480922384253,1.2992829841302609,1.2992829841302609,1.2992829841302609,3.4094961844768505,1.2992829841302609,1.7047480922384253,1.0116009116784799,1.7047480922384253,2.5985659682605218,1.7047480922384253,1.7047480922384253,1.7047480922384253,1.7047480922384253,1.2992829841302609,1.7047480922384253,1.7047480922384253,1.7047480922384253,3.4094961844768505,1.7047480922384253,1.2992829841302609,8.523740461192126,1.7047480922384253,1.7047480922384253,1.7047480922384253,1.7047480922384253,1.2992829841302609,1.7047480922384253,1.7047480922384253,1.7047480922384253])
================================================================================

================================================================================
Original Text: The Denver Board of Education opened the 2017-18 school year with an update on projects that include...
TF-IDF Vector: (20000,[157,298,366,468,477,528,585,717,722,1072,1243,1770,1799,2188,2405,3256,3506,4574,5044,5053,5465,5530,5734,6153,6287,7448,7451,7454,8029,8091,8217,8651,8679,8899,9031,9711,10506,11523,12408,12436,12534,12679,12953,12996,13014,13120,13218,13424,13427,13666,14092,14595,14682,14953,14956,15184,15230,15396,15530,15748,15862,15967,16252,18083,18141,18224,19209,19572],[3.4094961844768505,1.0116009116784799,1.7047480922384253,1.7047480922384253,6.818992368953701,3.4094961844768505,1.0116009116784799,1.0116009116784799,1.7047480922384253,1.7047480922384253,1.7047480922384253,1.7047480922384253,1.7047480922384253,1.7047480922384253,1.7047480922384253,3.4094961844768505,1.7047480922384253,1.7047480922384253,1.7047480922384253,1.7047480922384253,1.7047480922384253,1.7047480922384253,5.114244276715276,1.7047480922384253,1.7047480922384253,3.4094961844768505,1.7047480922384253,1.7047480922384253,3.4094961844768505,1.7047480922384253,3.4094961844768505,3.897848952390783,1.7047480922384253,2.5985659682605218,1.7047480922384253,1.7047480922384253,1.7047480922384253,6.818992368953701,1.7047480922384253,13.637984737907402,1.7047480922384253,1.2992829841302609,1.7047480922384253,2.5985659682605218,1.2992829841302609,1.7047480922384253,1.2992829841302609,1.7047480922384253,1.7047480922384253,1.2992829841302609,1.2992829841302609,1.7047480922384253,1.7047480922384253,3.4094961844768505,1.7047480922384253,10.228488553430552,1.7047480922384253,6.818992368953701,1.7047480922384253,1.7047480922384253,1.7047480922384253,3.4094961844768505,1.7047480922384253,1.7047480922384253,3.4094961844768505,1.7047480922384253,1.7047480922384253,6.818992368953701])
================================================================================

================================================================================
Original Text: BANGALORE CY JUNCTION SBC to GONDIA JUNCTION G train timings, routes, stops, and complete info.
As o...
TF-IDF Vector: (20000,[110,992,1896,2549,2620,2979,3756,4218,5360,5617,5931,6602,6980,7974,8048,8527,10266,10288,10782,11270,11320,13278,13644,13860,14279,14791,17534,18843,19832],[1.2992829841302609,1.7047480922384253,1.7047480922384253,1.7047480922384253,1.7047480922384253,5.114244276715276,5.114244276715276,1.7047480922384253,1.7047480922384253,3.4094961844768505,0.7884573603642703,1.2992829841302609,1.7047480922384253,1.7047480922384253,1.7047480922384253,1.7047480922384253,1.7047480922384253,3.0348027350354396,1.7047480922384253,10.228488553430552,1.7047480922384253,1.7047480922384253,1.7047480922384253,1.7047480922384253,5.114244276715276,5.114244276715276,1.7047480922384253,1.7047480922384253,1.7047480922384253])
================================================================================

================================================================================
Original Text: I thought I was going to finish the 3rd season of the Wire tonight.
But there was a commentary on ep...
TF-IDF Vector: (20000,[749,3389,3401,3491,5038,6487,6578,7412,8273,10055,12309,12358,17464,18431,18458,19878],[1.7047480922384253,1.7047480922384253,3.4094961844768505,1.7047480922384253,1.2992829841302609,1.7047480922384253,3.4094961844768505,1.7047480922384253,1.2992829841302609,1.7047480922384253,1.7047480922384253,3.4094961844768505,1.7047480922384253,1.7047480922384253,1.7047480922384253,1.7047480922384253])
================================================================================

================================================================================
Original Text: The rich get richer and the poor get poorer eh?
Or is it the rich think different and play by a diff...
TF-IDF Vector: (20000,[585,855,2327,3502,3900,3931,4385,4887,6178,7196,7403,7958,8103,9426,9531,10222,10301,10533,11782,11914,12007,12173,12335,13048,13477,14263,14583,15342,16212,16633,16683,17712,18154,19689],[1.0116009116784799,1.7047480922384253,1.7047480922384253,1.7047480922384253,1.2992829841302609,3.4094961844768505,1.7047480922384253,1.7047480922384253,1.7047480922384253,1.7047480922384253,1.7047480922384253,1.7047480922384253,13.637984737907402,2.5985659682605218,1.7047480922384253,1.2992829841302609,1.7047480922384253,1.7047480922384253,1.7047480922384253,1.7047480922384253,1.7047480922384253,1.7047480922384253,8.523740461192126,1.2992829841302609,1.7047480922384253,17.047480922384253,1.7047480922384253,1.7047480922384253,17.047480922384253,1.7047480922384253,2.5985659682605218,1.2992829841302609,1.7047480922384253,1.7047480922384253])
================================================================================

================================================================================
Original Text: Biomedics 1 Day Extra are daily replacement disposable contact lenses by CooperVision Hydron. Buy on...
TF-IDF Vector: (20000,[666,1128,2719,3143,3445,3563,3783,5255,5727,5931,6378,6581,6647,7334,7922,8132,8282,9133,9776,10080,10135,10288,10310,10325,10359,10815,11611,12662,13190,13792,13825,13852,14303,15678,15873,16024,16053,16368,16494,16537,16703,16828,17314,17846,17922,18437,19545,19838,19907],[5.114244276715276,1.7047480922384253,5.114244276715276,1.7047480922384253,1.7047480922384253,1.7047480922384253,1.2992829841302609,1.7047480922384253,1.7047480922384253,3.153829441457081,1.7047480922384253,1.7047480922384253,1.7047480922384253,1.2992829841302609,1.7047480922384253,3.4094961844768505,1.7047480922384253,4.0464036467139195,1.7047480922384253,1.2992829841302609,1.7047480922384253,1.0116009116784799,1.7047480922384253,1.7047480922384253,1.7047480922384253,1.0116009116784799,1.7047480922384253,1.7047480922384253,1.7047480922384253,1.7047480922384253,1.7047480922384253,3.4094961844768505,1.7047480922384253,1.7047480922384253,1.7047480922384253,1.7047480922384253,1.7047480922384253,5.114244276715276,5.114244276715276,1.0116009116784799,1.7047480922384253,1.7047480922384253,1.7047480922384253,1.7047480922384253,1.7047480922384253,1.7047480922384253,1.7047480922384253,1.7047480922384253,1.7047480922384253])
================================================================================

================================================================================
Original Text: Sysco Corp. has terminated its planned $3.5 billion takeover of US Foods, it announced Monday, after...
TF-IDF Vector: (20000,[22,183,196,258,274,419,573,713,1068,1296,1736,1787,1835,2094,2259,2475,2498,2635,2685,2695,2722,2729,2790,2953,2958,3010,3030,3038,3160,3388,3700,3783,3851,4130,4171,4206,4310,4408,4450,4495,4519,4526,4589,4640,4677,4682,4877,4897,5070,5200,5240,5294,5356,5699,5775,5778,5931,6081,6190,6243,6476,6660,6771,6790,7022,7410,7493,7586,7631,7741,8002,8273,8344,8444,8447,8451,8592,8651,8653,8885,8899,9133,9169,9321,9351,9540,9809,9887,10044,10080,10167,10220,10333,10357,10453,10524,10594,10633,10793,10942,11058,11399,11433,11480,11906,12212,12270,12545,12633,12657,12679,12870,12968,13057,13094,13218,13525,13666,13798,13894,13947,13989,14092,14241,14320,14527,14642,14728,15122,15502,15589,15612,15738,16218,16604,16781,16854,17158,17336,17452,17490,17504,17658,17752,17766,18109,18251,18297,18363,18442,18744,18865,18870,18910,19036,19160,19189,19193,19227,19721],[1.7047480922384253,1.7047480922384253,1.7047480922384253,5.114244276715276,1.7047480922384253,1.7047480922384253,1.7047480922384253,1.7047480922384253,1.7047480922384253,1.7047480922384253,1.7047480922384253,1.7047480922384253,1.7047480922384253,3.4094961844768505,1.7047480922384253,1.7047480922384253,1.7047480922384253,1.7047480922384253,1.7047480922384253,1.7047480922384253,1.7047480922384253,1.7047480922384253,1.7047480922384253,1.2992829841302609,1.7047480922384253,1.7047480922384253,1.7047480922384253,1.7047480922384253,1.7047480922384253,1.7047480922384253,1.7047480922384253,2.5985659682605218,1.7047480922384253,1.7047480922384253,1.7047480922384253,3.0348027350354396,1.7047480922384253,1.7047480922384253,1.7047480922384253,1.7047480922384253,1.7047480922384253,1.7047480922384253,1.7047480922384253,1.7047480922384253,1.7047480922384253,1.7047480922384253,1.7047480922384253,1.7047480922384253,1.7047480922384253,1.7047480922384253,1.7047480922384253,3.4094961844768505,1.7047480922384253,1.7047480922384253,1.7047480922384253,3.4094961844768505,1.5769147207285406,1.7047480922384253,1.7047480922384253,3.4094961844768505,1.7047480922384253,10.228488553430552,1.7047480922384253,1.7047480922384253,1.7047480922384253,1.7047480922384253,1.7047480922384253,3.4094961844768505,1.7047480922384253,3.4094961844768505,1.7047480922384253,1.2992829841302609,1.7047480922384253,1.7047480922384253,1.7047480922384253,1.7047480922384253,10.228488553430552,2.5985659682605218,1.7047480922384253,20.456977106861103,2.5985659682605218,1.0116009116784799,1.7047480922384253,5.114244276715276,1.7047480922384253,5.114244276715276,1.7047480922384253,1.7047480922384253,1.7047480922384253,1.2992829841302609,1.7047480922384253,3.897848952390783,1.7047480922384253,3.4094961844768505,1.7047480922384253,1.7047480922384253,1.7047480922384253,3.4094961844768505,3.4094961844768505,3.4094961844768505,1.7047480922384253,1.7047480922384253,3.4094961844768505,1.7047480922384253,1.7047480922384253,1.7047480922384253,3.4094961844768505,1.7047480922384253,1.7047480922384253,3.4094961844768505,1.2992829841302609,3.4094961844768505,1.2992829841302609,1.7047480922384253,1.7047480922384253,1.2992829841302609,1.0116009116784799,1.2992829841302609,3.4094961844768505,5.114244276715276,3.4094961844768505,1.7047480922384253,1.2992829841302609,1.7047480922384253,3.4094961844768505,1.7047480922384253,1.7047480922384253,3.4094961844768505,1.7047480922384253,1.7047480922384253,1.7047480922384253,1.7047480922384253,1.7047480922384253,3.4094961844768505,1.7047480922384253,1.7047480922384253,5.114244276715276,1.7047480922384253,1.7047480922384253,1.7047480922384253,1.7047480922384253,1.7047480922384253,1.7047480922384253,3.4094961844768505,1.7047480922384253,1.7047480922384253,1.7047480922384253,3.4094961844768505,1.7047480922384253,1.7047480922384253,1.7047480922384253,1.7047480922384253,1.7047480922384253,3.4094961844768505,1.7047480922384253,1.7047480922384253,1.7047480922384253,1.7047480922384253,1.7047480922384253,1.7047480922384253])
================================================================================

